$ 1 0.000049999999999999996 382.76258214399064 61 7 50 5e-11
w 112 192 112 224 0
w 112 224 176 224 0
c 112 224 112 288 4 0.000001 6.697959202927038 0.001 0
g 112 288 112 304 0 0
r 112 128 112 64 0 1000
w 112 64 240 64 0
R 112 64 80 64 0 0 40 12 0 0 0.5
165 176 96 192 96 6 11.99500208246564
w 240 64 304 64 0
w 304 64 304 128 0
w 352 160 304 160 0
w 112 192 160 192 0
w 160 192 176 192 0
g 272 256 272 272 0 0
r 112 128 112 192 0 144000
w 112 128 176 128 0
r 352 160 352 240 0 1400
r 352 240 352 320 0 1000
g 352 320 352 368 0 0
w 352 240 480 240 0
v -160 -32 -160 -64 0 3 0.75 0.21054104409829455 0.21054104409829455 0 0.5
g -160 -32 -160 0 0 0
401 -64 -96 48 -96 1 8\s15\s-15\s1000000\s0.1089234091623229\s0.1193901640602064\s100000 2\s20\s10000000000\s2.5 1\s0
w -160 -64 -160 -80 0
w -160 -80 -64 -80 0
410 -464 -192 -432 -16 1 ~TL431 0\s40 6\s1e-12\s0.7338636116254775\s0\s0 6\s2e-12\s-0.00005999313659144079\s0\s0 0\s1\s-0.00005999313659144079\s0.7338636116254775\s140\s~tl431ed-qn_ed 0\s3280 0\s2400 0\s7200 0\s33.333333333333336 6\s1.2e-12\s0.7212091529350594\s0\s0 6\s2.4e-12\s-0.000036780943782566133\s0\s0 0\s1\s-0.000036780943782566133\s0.7212091529350594\s140\s~tl431ed-qn_ed-A1.2 0\s18.18181818181818 6\s2.2000000000000003e-12\s0.678337815371975\s0\s0 6\s4.400000000000001e-12\s0.01673260726400827\s0\s0 0\s1\s0.01673260726400827\s0.678337815371975\s140\s~tl431ed-qn_ed-A2.2 0\s800 0\s40 6\s1e-12\s0.7043394887477517\s0\s0 6\s2e-12\s0.021714688025302964\s0\s0 0\s1\s0.021714688025302964\s0.7043394887477517\s140\s~tl431ed-qn_ed 0\s4000 0\s40 6\s1e-12\s0.7044870472753229\s0\s0 6\s2e-12\s-0.09813681201592583\s0\s0 0\s1\s-0.09813681201592583\s0.7044870472753229\s140\s~tl431ed-qn_ed 0\s80 6\s5e-13\s0.7207579783225022\s0\s0 6\s1e-12\s-0.8137297540512909\s0\s0 0\s1\s-0.8137297540512909\s0.7207579783225022\s140\s~tl431ed-qn_ed-A0.5 0\s80 6\s1e-12\s-0.703562213552984\s0\s0 6\s3e-12\s0.00008676071502811133\s0\s0 0\s-1\s0.00008676071502811133\s-0.703562213552984\s60\s~tl431ed-qp_ed 0\s80 6\s1e-12\s-0.7035087126584365\s0\s0 6\s3e-12\s0.21713484276244843\s0\s0 0\s-1\s0.21713484276244843\s-0.7035087126584365\s60\s~tl431ed-qp_ed 0\s800 0\s800 0\s40 6\s1e-12\s0.7236426368667482\s0\s0 6\s2e-12\s-0.9727461223121419\s0\s0 0\s1\s-0.9727461223121419\s0.7236426368667482\s140\s~tl431ed-qn_ed 0\s150 0\s8 6\s5e-12\s0.7889819257658424\s0\s0 6\s1e-11\s-1.718211519498492\s0\s0 0\s1\s-1.718211519498492\s0.7889819257658424\s140\s~tl431ed-qn_ed-A5 0\s10000 0\s40 6\s1e-12\s-0.9727057128902634\s0\s0 6\s2e-12\s2.7777780076121417e-13\s0\s0 0\s1\s2.7777780076121417e-13\s-0.9727057128902634\s140\s~tl431ed-qn_ed 2\s~tl431ed-d_ed 0\s1000 2\s~tl431ed-d_ed 6\s1e-11\s0.9727057128905412\s0\s0 6\s2e-11\s-0.09811754364639402\s0\s0
R -432 -304 -432 -352 0 0 40 12 0 0 0.5
r -432 -304 -432 -224 0 1000
w -464 -160 -512 -160 0
w -512 -160 -512 -224 0
w -512 -224 -432 -224 0
g -432 -96 -432 -64 0 0
w -432 -224 -384 -224 0
r -384 -224 -320 -224 0 20000
r -320 -224 -240 -224 0 1000
g -240 -224 -240 -176 0 0
w -320 -224 -320 -144 0
w -320 -112 -64 -112 0
w -320 -144 -320 -112 0
w 48 -96 80 -96 0
R 48 -176 48 -208 0 0 40 5 0 0 0.5
r 48 -176 48 -96 0 10000
150 480 -80 624 -80 0 2 0 5
w 80 -96 384 -96 0
w 480 240 480 -64 0
r 624 -80 688 -80 0 100
f 688 -80 736 -80 32 1.5 0.02
g 736 -64 736 -16 0 0
R 736 -192 736 -256 0 0 40 12 0 0 0.5
162 736 -192 736 -144 2 default-led 1 0 0 0.01
r 736 -144 736 -96 0 700
I 384 -96 384 -208 0 0.5 5
r 544 -352 544 -304 0 700
162 544 -400 544 -352 2 default-led 0 1 0 0.01
R 544 -400 544 -464 0 0 40 12 0 0 0.5
g 544 -272 544 -224 0 0
f 496 -288 544 -288 32 1.5 0.02
r 432 -288 496 -288 0 100
w 384 -208 384 -272 0
w 384 -272 384 -288 0
w 384 -288 432 -288 0
w 384 -96 480 -96 0
o 19 128 0 x28301a 4.997917534360684 0.0001 0 2 8 2 0 19 3 0.000049999999999999996 0
o 39 1024 0 x28301a 5 0.1 1 2 8 1.25 0 39 3 0.025 0
o 24 1024 0 x38301e 5 0.1 2 2 8 1.25 0 24 3 0.025 0
